891
398 247
15 198
130 229
233 328
2 1
179 70
35 11
390 441
652 319
19 432
272 364
681 514
787 128
402 494
177 888
29 83
39 367
572 602
126 599
253 477
505 440
245 111
734 624
450 564
495 24
642 119
593 745
709 51
820 264
558 229
416 347
18 73
90 617
268 105
57 199
275 663
822 391
253 394
717 620
786 805
622 593
74 153
113 44
134 51
365 358
218 312
30 326
332 355
54 10
73 536
454 179
20 705
229 531
225 580
273 154
496 728
791 883
849 234
355 569
97 45
8 22
137 175
115 142
167 308
106 217
108 31
275 373
401 292
277 111
837 793
675 467
884 599
423 426
514 376
152 480
45 5
28 208
206 369
77 50
217 598
550 237
189 294
415 737
75 210
11 25
1 39
186 73
102 19
476 296
460 535
338 358
99 650
68 167
401 601
106 236
502 464
679 826
166 143
37 428
281 257
472 248
86 56
165 823
303 237
99 43
173 113
335 680
6 32
875 505
350 164
228 254
881 101
55 248
839 31
484 770
233 92
348 211
630 339
36 16
182 240
196 284
510 748
677 498
633 538
96 390
235 238
19 9
665 524
1 40
560 29
864 54
279 278
403 11
171 147
9 51
700 285
162 374
76 503
408 15
421 57
265 828
117 404
375 60
887 653
30 18
636 692
632 462
327 508
244 814
462 670
877 854
380 102
71 156
267 194
151 101
28 60
447 690
62 39
472 710
593 726
783 93
393 443
469 147
40 450
155 342
301 470
78 33
152 800
104 610
769 441
500 266
101 73
187 141
259 11
102 170
189 643
154 50
39 722
211 458
44 226
688 248
163 104
575 239
364 668
252 194
5 9
660 445
287 349
243 372
121 137
88 39
755 725
317 698
32 33
640 312
40 115
683 71
694 402
31 24
261 383
234 126
386 262
162 146
102 427
49 139
161 283
132 664
83 462
789 338
80 449
363 45
46 216
221 16
799 547
624 348
594 55
311 134
345 611
797 795
173 204
239 841
30 672
64 36
265 545
246 253
767 316
232 159
138 117
180 424
720 125
2 4
6 114
162 378
855 762
337 241
435 145
123 249
293 207
611 874
275 606
204 543
26 718
412 12
311 313
66 529
45 593
499 519
249 579
729 370
676 455
136 36
225 534
136 193
623 537
123 32
842 499
317 707
763 380
53 39
670 712
873 784
17 177
452 380
613 319
18 11
23 453
781 231
301 596
344 597
486 123
308 749
25 561
285 33
493 297
88 546
405 679
223 479
321 227
672 880
653 207
818 214
324 6
1 29
91 689
281 714
16 455
213 147
395 210
9 87
485 812
49 118
619 741
523 210
344 870
744 262
143 192
554 299
815 565
47 130
642 704
735 131
190 237
621 29
207 5
111 262
144 73
12 37
89 57
224 78
305 121
400 868
513 231
490 804
278 86
466 349
219 34
456 772
492 459
532 451
2 148
124 113
619 226
268 338
335 697
707 715
34 231
559 637
50 368
35 188
588 224
648 778
95 686
362 170
36 82
592 626
646 396
299 70
629 723
176 100
303 325
130 132
346 164
504 634
188 832
68 10
758 429
105 371
146 50
181 542
651 579
3 218
510 373
671 526
587 68
121 297
470 609
165 141
330 295
861 770
429 517
8 14
181 170
553 284
230 93
100 356
195 780
649 198
577 301
105 422
654 157
1 11
396 344
782 273
384 241
347 491
527 53
57 382
439 336
73 96
802 30
775 469
576 523
6 24
307 215
69 42
562 790
170 322
50 471
167 214
614 631
221 551
210 280
304 171
115 296
141 589
696 634
166 430
434 356
475 436
66 32
730 669
338 507
57 158
245 329
385 379
271 259
35 57
9 699
556 236
95 48
12 61
251 248
95 106
369 516
197 343
250 191
176 190
863 189
29 161
788 803
142 662
581 261
860 313
151 463
552 464
206 263
184 418
312 721
219 474
209 62
224 791
371 442
109 821
351 140
77 116
756 571
714 840
44 22
293 792
400 338
240 725
191 341
886 825
30 63
32 135
310 81
750 720
202 9
375 695
608 576
682 809
397 120
551 764
486 776
561 848
411 109
109 571
50 131
133 164
168 82
774 306
644 472
12 159
706 577
433 48
891 544
282 142
94 147
320 256
332 68
369 410
315 167
53 67
264 38
6 4
575 612
8 275
114 525
736 845
122 24
246 648
378 549
723 751
360 193
129 288
168 211
858 212
460 308
344 667
397 878
656 77
183 136
859 310
481 746
87 526
246 174
155 110
141 81
636 469
872 551
200 126
699 876
10 28
10 12
239 173
485 216
42 18
716 575
14 425
86 539
110 52
499 327
846 302
277 407
52 70
682 61
2 126
300 140
127 80
458 559
91 143
415 12
616 453
506 411
819 209
205 766
801 507
9 125
255 209
703 299
702 23
605 287
303 405
590 534
528 639
467 428
727 732
162 481
36 339
100 578
421 638
53 94
7 47
301 60
838 684
2 548
180 335
385 807
44 319
95 701
298 59
26 399
220 518
547 71
562 379
811 391
418 592
504 118
92 256
334 129
15 23
99 121
365 496
402 152
22 72
60 184
451 17
473 385
177 306
81 291
528 23
813 601
227 544
3 16
172 29
214 762
257 269
331 40
678 14
80 19
160 235
817 324
157 80
90 225
316 221
145 98
788 487
205 456
123 191
107 50
187 423
66 488
182 168
389 110
93 446
349 366
89 796
3 26
567 281
98 286
126 524
354 171
389 538
257 290
250 272
298 345
16 43
747 8
104 8
62 196
302 537
115 768
573 472
641 246
659 460
331 530
457 351
856 155
512 104
68 150
827 751
719 482
15 75
773 593
159 509
265 35
459 128
673 808
85 69
316 795
229 392
189 148
340 417
4 8
344 862
622 835
829 515
765 742
482 867
366 816
344 160
447 232
352 44
160 45
20 48
406 116
3 2
607 385
13 11
388 145
627 10
169 713
866 807
243 489
625 614
4 5
657 570
234 851
220 361
169 161
550 574
30 52
8 109
56 7
270 88
255 761
10 377
727 620
445 236
53 413
258 555
444 91
42 93
215 126
51 429
95 521
89 228
241 210
179 487
604 371
187 825
113 731
628 200
733 113
247 29
182 595
550 869
91 133
885 61
54 347
618 275
586 389
13 81
117 1
431 591
857 614
14 38
419 392
383 584
56 76
92 19
798 363
266 779
243 146
475 759
114 223
227 187
647 385
51 786
674 630
260 121
128 86
824 228
484 71
257 251
419 490
879 615
88 203
158 585
440 87
738 466
25 669
354 568
600 364
295 629
91 19
15 197
516 743
55 23
666 785
740 602
495 497
87 478
390 465
615 183
178 327
141 784
35 409
522 144
21 1
140 81
256 318
129 71
502 583
459 468
420 45
59 47
438 98
19 882
645 834
182 376
3 10
446 666
102 777
382 501
710 754
111 18
572 104
752 641
188 871
557 553
10 658
760 421
464 311
315 684
97 287
629 850
65 29
219 582
215 379
179 180
302 34
46 84
14 739
103 847
35 49
41 21
302 724
61 357
889 104
62 220
581 806
113 381
100 6
539 711
541 211
276 124
603 349
244 189
340 169
15 34
844 724
119 97
614 275
853 140
391 339
285 836
610 691
19 511
808 843
142 645
471 708
83 98
865 110
465 540
95 566
371 431
5 17
890 581
393 355
201 58
520 4
483 673
206 82
87 359
693 204
387 448
644 742
112 13
207 852
204 661
309 287
333 130
58 6
217 753
833 263
174 4
736 722
149 123
387 95
183 205
408 620
138 414
533 48
289 163
794 783
130 185
549 771
